-513
-4922
-4818
3751
9397
-1362
-5972
-6199
1202
-1047
5727
-1347
-6857
2145
-4865
-153
-1188
-7900
-1457
6125
-9558
2522
-6009
-8326
-5203
-2308
-975
9083
777
-3362
-1358
9170
1678
-6891
-8115
-5334
3977
8502
-1882
392
-8869
-5092
1635
-8444
-4048
-2256
7607
-6313
4037
194
323
-9069
-4011
3260
1364
698
9488
-4070
48
-9717
-7159
-9038
2233
-3304
-9738
-7654
5510
4253
-3634
7306
8281
-1004
6622
-5088
1490
3877
6266
4163
8829
8251
-6612
393
-9803
-546
-9770
-2849
2656
-4932
-9771
-4676
6945
-6937
-6367
384
529
-1592
-4162
-5282
163
-2679
7565
-6989
6065
4245
-8028
-4035
791
1159
1185
-5083
-8007
6623
-8649
-7036
-7826
-4909
-3756
-9623
1973
8965
4349
2060
7659
-3750
-6824
-2512
5666
-6678
-3218
522
-5782
-301
2734
-1671
-7403
-4589
-2444
-4871
-1768
9972
-3574
-35
948
-3478
-4272
-1764
6229
-1123
-5959
-8894
3002
6751
-7499
9617
-8362
-5846
-8809
-3158
7670
-2137
4781
-2652
-5211
-1756
-8810
-5886
-339
-3596
-5706
609
-5986
5138
-9825
5716
-876
-2462
-678
-8940
-6157
-3744
7784
9492
-5450
-2573
1412
-2924
2602
-5120
-1213
2231
-3852
325
-2393
-8841
-2278
6373
-9744
-1257
-6911
8545
6417
2361
9841
-4727
-2457
7792
2305
-7790
-669
-4263
-1999
-2456
4111
-6170
3315
1861
48
-3652
7470
7555
2312
8349
-8635
-8048
8031
-4793
371
222
-4124
-5728
2135
-9435
-8528
1482
-9383
-9982
-2198
-8965
9701
-5056
2415
-7216
-2347
-4228
-6190
-7295
-4425
3873
-3774
-7825
-5333
9564
-500
-2587
397
-9685
7681
-6113
3284
2487
-6310
-8028
1179
-6941
-5224
-869
1054
37
-79
-3269
7334
-2442
-376
-7837
-6744
-2237
-2629
-7157
8267
-849
3843
442
6889
-7917
-2217
8088
-6247
1475
-4045
-8345
6826
4119
-6503
-2130
-8590
9575
499
-5162
-3705
4249
-2974
922
-883
-9032
-8524
-7176
6770
-8633
-559
-4275
-2088
-4749
-8197
6015
-9967
-5458
1522
2716
8749
-7716
-1667
-6971
-5445
-2906
-5209
3363
-2555
-9
586
8194
-1474
-4632
-2519
-2209
-5918
-5423
-4353
-9607
-3876
-7315
-5635
-721
6146
-4551
2320
-9556
-8504
2936
-7995
-1604
-6635
-1920
840
898
-1235
7181
-462
140
-9286
-99
-5247
-1145
360
-5641
-4503
-3728
6381
-5878
6507
2252
747
-8385
646
-2119
-7498
2119
3692
2564
-7048
-1256
-5323
3131
-4843
-6697
-2725
-1786
-1204
-4364
-4452
3569
-1154
-8769
7107
-2386
-5776
-4016
525
7289
2518
5513
-9947
-3077
8809
-923
-6285
659
1625
-4953
-8010
-8719
-7958
-8301
-9777
-7545
-7657
2568
286
-6470
-8356
-9726
5871
-1764
-2029
-1148
-8777
9789
8509
3257
-6597
-7327
1348
-3466
5587
-4243
2751
-5754
4238
423
-2252
-1346
2136
2173
2372
3638
-2057
-7196
-4508
2364
-9702
8227
-344
-63
-9515
-7600
-6811
-7722
-7706
-8162
7574
-7011
-9794
-3763
5152
-2085
7422
7401
-4558
-9910
1504
-6344
-4240
-5226
-1483
-2963
4590
6341
6837
-7397
-5246
6585
-6187
-3476
-2698
-3817
-6477
-5381
9179
-1570
3287
279
-9946
3011
-1604
-1753
3026
6717
-4051
-8358
-7666
603
-8274
-2861
-2638
2646
2683
1577
-4685
-1844
-4396
-3278
-9062
-693
5112
-1763
4399
9899
-3951
-1183
-9796
-9439
-2286
-8303
-9456
-589
2365
-6279
1953
-4281
-2359
-4444
-3465
-4739
3584
-1442
453
-6617
-1586
-5669
-104
-7090
-135
-7979
-2797
-9067
4557
-6756
-8804
231
1594
-6326
-3277
3177
-4832
6580
-9311
-3469
-3797
-4185
-5960
-3202
1208
-2637
5431
-4354
2690
2049
4206
8272
-4424
6666
-7580
-3465
-593
1802
4599
355
-6950
-204
9442
116
5077
-2912
-9532
4350
-4216
7177
2558
814
-1846
-2019
-9029
-756
-252
-2965
-2090
512
-6729
-6268
3992
-6757
-2655
-9985
-5982
-7859
3707
5817
3756
-7203
-7961
-9335
-7604
5207
-8887
-9367
-3400
-7672
-6989
-5898
-274
-4118
-3834
-961
629
2520
-4173
-8776
1596
718
330
8942
-5237
-1138
1903
1407
9017
2168
-824
-6966
3195
-9112
-3716
2534
2049
-9510
1246
3407
5401
-4465
8071
-6427
2813
4686
-4892
-1896
-597
-2035
-3600
-1665
-7150
2608
-5277
-535
3820
336
-949
3477
-9518
-9918
-3621
-5594
-3443
-5332
6625
6609
-3641
-8026
1179
2649
6733
8728
1039
-8131
-4367
-8794
-3218
-2031
-7352
1551
3425
682
-3235
-6451
2537
-931
9126
-4179
6366
-1079
-7022
-5169
-4420
-2668
-2937
-5642
-1089
5236
-6902
8383
-8148
-9648
8350
2384
6991
870
-9263
-5099
-85
5101
5298
6662
-7825
2334
-56
-5297
-4284
-7568
8223
9800
1968
-3967
5347
-5299
-489
-7109
1363
6503
7837
823
7694
-2222
-7179
-7815
-9646
-6693
-142
-7480
-5050
-5432
163
-6503
-5356
-3138
-1537
-8729
-2279
-4517
-259
-1014
-3455
9709
-9944
-4058
-370
-2083
-3248
6916
-7078
-9395
-4123
-4160
2622
-6301
-6658
1344
3506
6787
-5887
-2869
-8937
-1053
-9889
8058
3089
-5188
-3042
-4470
-5832
-899
410
7381
1874
-5150
2605
-7391
-3400
4813
-8880
1687
5858
3565
-1188
-8872
9088
3483
5137
-3606
5382
1680
-7999
5079
3373
8880
-7962
-4327
-9067
-6648
4559
-4014
400
-8521
4293
9944
-2885
-5296
-2326
5592
-3155
-1566
-9409
8701
-6123
1391
-7030
359
-5731
-4508
-1450
3423
-8554
-215
1851
-428
-2319
7927
-7616
-7553
3591
9962
9789
-6429
-7579
3415
-3419
989
291
-9377
-6140
-5482
-1390
8388
5606
-4099
-4200
-9732
-6471
-2731
-7617
-892
-843
-2261
-4951
7543
5304
2187
2984
-6561
-5483
-9070
6063
-468
-3824
7591
-8415
-4349
4931
-1497
7315
-5865
3077
-8161
-5586
-228
5228
447
1109
-6212
-9327
1193
8072
-8028
-8844
5552
1898
-3965
-8225
9025
-4675
-3439
4270
-7108
1236
8819
6095
-9816
2446
2721
1159
8002
-6316
-4129
-2218
1150
-8947
4242
986
-4055
-1130
183
665
-2931
-6969
-1716
-6019
604
-2723
977
9528
98
-520
-3307
-1133
9315
-2880
-5239
-3070
-6455
-7248
187
1238
-6858
11
-3362
-9029
569
-8715
1710
1335
-9241
-9505
-3214
314
2665
-5088
-7806
-1546
-5231
-2869
1037
1837
9939
-9347
1490
-7541
-5135
6841
-8297
4913
1016
-9935
4632
-3620
5097
-2428
7423
1726
6586
-6163
343
-8340
-3073
8057
-582
-5798
-9725
-9894
-7280
-2135
220
-4705
1213
